617	928
617	3515
617	6428
617	8894
617	11840
617	20489
617	20773
617	20934
617	29998
617	30127
617	30226
617	30296
617	30329
617	30363
617	30698
928	6428
928	20485
928	20489
928	38299
928	59476
928	72433
928	72471
928	72520
1166	1248
1248	1611
1248	3100
1248	23703
1248	25631
1248	36593
1248	38068
1248	52346
1248	68207
1248	68208
1248	68209
1248	68210
1248	68219
1248	68222
1248	68223
1248	68228
1248	68231
1248	68240
1248	68241
1248	68243
1248	68247
1934	2940
1934	4631
1934	4719
1934	11287
2187	102917
2187	102918
2642	104583
2940	3100
2940	4631
2940	8706
2967	4631
3100	3696
3100	4631
3100	4719
3100	8706
3100	8835
3100	16385
3100	23705
3100	60583
3100	63148
3515	6428
3515	20773
3515	30363
3515	63828
3574	3949
3574	4631
3574	124927
3696	4631
3696	4719
3696	8706
3696	16385
3696	23705
3696	63148
3949	4631
3949	8387
3949	8618
3949	10467
3949	45256
3949	63148
3949	124927
4246	8618
4246	42471
4246	145276
4246	149462
4631	4719
4631	7487
4631	8387
4631	8618
4631	8706
4631	8835
4631	11287
4631	16385
4631	19959
4631	23503
4631	30698
4631	36355
4631	38155
4631	58623
4631	60583
4631	60686
4631	60993
4631	63148
4631	70342
4631	75005
4631	76294
4631	86942
4631	87325
4631	124927
4631	159628
4631	159637
4631	159638
4631	159696
4719	5859
4719	8618
4719	8706
4719	9143
4719	10467
4719	23703
4719	58623
4719	147183
4719	156614
4719	156859
5859	20485
5859	59476
5859	63879
5859	63895
5859	72471
6428	8894
6428	17928
6428	20773
6428	20934
6428	23705
6428	30363
6428	63828
6428	178993
7047	9143
7047	175511
7047	183384
7073	183699
7073	183712
7073	183722
7073	183723
7073	314350
8142	22593
8142	27330
8142	33393
8142	63584
8142	75377
8142	75563
8142	79573
8142	84869
8142	108087
8142	108619
8142	151413
8142	151417
8142	151418
8142	189879
8142	189880
8142	189886
8142	189901
8142	189902
8387	8706
8387	20485
8387	42471
8387	63148
8387	145167
8387	150018
8387	191162
8387	191234
8549	8894
8549	11840
8549	12683
8549	17928
8549	20773
8549	29998
8549	30127
8549	30226
8549	30296
8549	63326
8549	63828
8549	70142
8549	168330
8549	193049
8618	58623
8618	59441
8618	62368
8618	62371
8618	145167
8618	149462
8618	150018
8618	156614
8618	175998
8618	176927
8618	191162
8618	191234
8618	194033
8618	194039
8618	194041
8618	194084
8706	11287
8706	16385
8706	22682
8706	58623
8706	69545
8706	76294
8894	17928
8894	63828
9143	183384
9143	185329
10678	62365
10678	100573
11840	20465
11840	20489
11840	30127
11840	30296
11840	38299
11840	63326
11840	70142
11840	74738
11840	98083
11840	211636
11840	212229
11840	212230
12683	104583
14867	33393
17928	63828
18827	23503
18827	145167
18827	145276
18827	148663
18827	150018
18827	191234
19416	44519
19416	65324
19416	70502
19416	118466
19416	174808
19416	222118
19416	233444
19416	233445
19416	233448
19416	233458
19416	233462
19416	233468
19416	233482
19416	233483
19416	233487
19416	233491
19416	233503
20465	20489
20465	23707
20465	30127
20465	30296
20465	74738
20465	168307
20485	63879
20485	91042
20489	30127
20489	30226
20489	30296
20489	63326
20489	74738
20489	168307
20489	168330
20489	212230
20628	20773
20773	20934
20773	66716
20934	23705
22593	75563
23503	61351
23503	107164
23503	138964
23503	145276
23503	148663
23707	30296
26434	199765
26434	275670
26695	69453
26695	276433
26695	276436
27330	65502
27330	75377
27330	75563
27330	79573
27330	85716
27330	95738
27330	151413
27330	189879
27330	256502
27330	256503
27330	279292
27330	279297
27330	279300
27330	279307
29150	66716
29150	69889
29150	205067
29150	276775
29150	285048
29150	285049
29150	285181
29150	532081
29998	30127
29998	30296
29998	63326
29998	70142
30127	30226
30127	30296
30127	63326
30127	64131
30127	70142
30127	74738
30127	168307
30127	168330
30127	193049
30127	212230
30127	237450
30226	30296
30226	70142
30296	33899
30296	38299
30296	63326
30296	64131
30296	70142
30296	74738
30296	95782
30296	98083
30296	168306
30296	168307
30296	168330
30296	168364
30296	193049
30296	211636
30296	212229
30296	212230
30296	237450
30296	288532
30296	288536
30329	30363
30363	288660
30363	288664
32127	32618
32127	33133
32127	293681
32127	293684
32618	33133
32618	208703
32618	293684
33133	208703
33133	293681
33133	293684
33393	63584
33393	95738
33393	151410
33393	151413
33393	151417
33393	151418
33899	38299
33899	63326
36593	68223
42471	313871
42471	313878
42471	313880
44519	233444
44519	233445
44519	233462
50357	241607
50357	326756
50357	326757
50357	326758
50357	326759
52346	68240
58623	62365
58623	107164
58623	336141
59476	72433
59476	72471
59476	337142
60583	63148
60993	342419
61351	62365
61351	145167
61351	194033
61407	63645
61407	108619
62365	62368
62365	138964
62365	145276
62365	150018
62365	345078
62368	62371
62368	138964
62368	145167
62368	175998
62371	81196
62371	138964
62371	145167
62371	191234
62371	344514
63326	70142
63326	168307
63326	168330
63326	193049
63326	212230
63326	288532
63513	322625
63633	104583
63633	104607
63633	105961
65324	233444
65324	233445
66716	276775
66716	285048
66716	354599
66716	354600
66716	354601
68207	68223
68209	68240
68219	68223
68223	68228
68223	68240
68223	68247
68240	355921
68240	355924
68247	355921
69453	276433
69453	276436
69889	205067
69889	276775
69889	285048
69889	354601
70142	168330
70142	168364
70502	222118
70502	233487
70502	233491
70502	233503
70502	359191
72471	225018
72471	337142
74738	168307
74738	212229
74888	234855
74888	367649
74888	367651
75377	108619
75377	151413
75377	189879
75563	79573
79691	183699
79691	183712
79691	183722
79691	183723
79691	314350
81196	379512
84869	151417
84869	312966
85716	151410
93645	106050
94200	104583
94200	104587
94200	104607
94200	105619
94200	105961
94200	106050
94200	106319
94200	107259
94200	155370
98083	211636
100573	199552
100573	342419
100573	412232
102917	102918
102917	416725
104095	131781
104583	104587
104583	104607
104583	105619
104583	105732
104583	105961
104583	106319
104583	106986
104583	107259
104583	107893
104583	111103
104583	111914
104583	120208
104583	157854
104583	195351
104583	401427
104583	419317
104583	419321
104583	419322
104607	105961
105619	106319
105803	105961
105961	107259
105961	107309
105961	107893
107164	191234
107164	421447
108619	401835
128424	151413
131781	151410
138964	145167
138964	150018
138964	191234
138964	194033
145167	150018
145167	191234
145167	191520
145167	194084
145167	451854
145276	194033
147183	154387
147183	176855
147183	288146
148663	194033
150018	175998
150018	454168
151413	189879
151413	279297
151413	300601
151418	483240
154387	176855
154387	217814
154387	288146
156859	201133
156859	265745
156859	457817
168330	168364
174808	233444
174808	233503
174808	470949
175511	183384
176010	219930
176855	288146
182749	219930
183699	183712
183699	183722
183699	183723
183712	183722
183712	183723
183722	183723
191234	454168
201133	265745
201133	491181
205067	276775
205067	285048
205067	285181
205067	354601
205067	532081
208703	293684
212229	237450
219930	504435
222118	233483
222118	233503
222118	470949
225018	337142
233444	233445
233444	233458
233444	233462
233444	233503
233444	470949
233444	512807
233445	233448
233445	233503
233448	233458
233458	233491
233458	233503
233462	233483
233462	233503
233462	470949
233462	512807
233468	233483
233468	233503
233482	233487
233482	233503
233483	233487
233483	233503
233487	512797
233503	478334
233503	512782
275670	457817
275670	491181
275670	531706
275670	531707
275670	531709
276433	276436
276775	285048
276775	354601
276775	532081
285048	285049
285048	285181
285048	532081
285049	285181
285181	532081
293681	293684
322625	457817
355924	434090
448195	506768
448195	506771
494917	513127
494917	557560
494917	603086
494917	603088
494917	603092
506767	506768
506768	506770
506768	506771
506771	606002
506771	606002
506771	606002
512782	512807
513127	557560
513127	603088
557560	603088
557560	603092
603086	603088
603088	603092
603088	603092
