617
928
1166
1248
1611
1934
2187
2642
2940
2967
3100
3515
3574
3696
3949
4246
4631
4719
5859
6428
7047
7073
7487
8142
8387
8549
8618
8706
8835
8894
9143
10467
10678
11287
11840
12683
14867
16385
17928
18827
19416
19959
20465
20485
20489
20628
20773
20934
22593
22682
23503
23703
23705
23707
25631
26434
26695
27330
29150
29998
30127
30226
30296
30329
30363
30698
32127
32618
33133
33393
33899
36355
36593
38068
38155
38299
42471
44519
45256
50357
52346
58623
59441
59476
60583
60686
60993
61351
61407
62365
62368
62371
63148
63326
63513
63584
63633
63645
63828
63879
63895
64131
65324
65502
66716
68207
68208
68209
68210
68219
68222
68223
68228
68231
68240
68241
68243
68247
69453
69545
69889
70142
70342
70502
72433
72471
72520
74738
74888
75005
75377
75563
76294
79573
79691
81196
84869
85716
86942
87325
91042
93645
94200
95738
95782
98083
100573
102917
102918
104095
104583
104587
104607
105619
105732
105803
105961
106050
106319
106986
107164
107259
107309
107893
108087
108619
111103
111914
118466
120208
124927
128424
131781
138964
145167
145276
147183
148663
149462
150018
151410
151413
151417
151418
154387
155370
156614
156859
157854
159628
159637
159638
159696
168306
168307
168330
168364
174808
175511
175998
176010
176855
176927
178993
182749
183384
183699
183712
183722
183723
185329
189879
189880
189886
189901
189902
191162
191234
191520
193049
194033
194039
194041
194084
195351
199552
199765
201133
205067
208703
211636
212229
212230
217814
219930
222118
225018
233444
233445
233448
233458
233462
233468
233482
233483
233487
233491
233503
234855
237450
241607
256502
256503
265745
275670
276433
276436
276775
279292
279297
279300
279307
285048
285049
285181
288146
288532
288536
288660
288664
293681
293684
300601
312966
313871
313878
313880
314350
322625
326756
326757
326758
326759
336141
337142
342419
344514
345078
354599
354600
354601
355921
355924
359191
367649
367651
379512
401427
401835
412232
416725
419317
419321
419322
421447
434090
448195
451854
454168
457817
470949
478334
483240
491181
494917
504435
506767
506768
506770
506771
512782
512797
512807
513127
531706
531707
531709
532081
557560
603086
603088
603092
606002
